Run semi-empirical minimization
 &qmmm
    qm_theory='AM1', grms_tol=0.0005,
 scfconv=1.d-10, ndiis_attempts=700,   qmcharge=0,
 /
   6    C1       20.5790       42.8130       10.7670 
   6    C2       20.9250       42.0530        9.6520 
   6    C3       20.5540       42.4990        8.3920 
   7    N4       21.7350       41.2180       13.8820 
   6    C5       19.8640       43.6930        8.2890 
   6    C6       19.5480       44.3850        9.4610 
   7    N7       16.6850       47.8560       11.0290 
   6    C8       18.7400       45.5060        9.0920 
   6    C9       18.6860       45.4300        7.7400 
   6   C10       18.1610       46.4670       10.0220 
   6   C11       16.9690       47.2160        9.9130 
   7   N12       17.7050       47.5410       11.8670 
   6   C13       17.7610       48.1070       13.2120 
   6   C14       18.0020       47.0710       14.2870 
   6   C15       17.3340       45.8540       14.2810 
   7   N16       19.9010       43.9710       10.6810 
   6   C17       20.7080       42.4420       15.7170 
   7   N18       20.9490       42.2410       14.3000 
   6   C19       21.7040       41.3110       12.5720 
   6   C20       20.9170       42.3930       12.1340 
   6   C21       20.4580       42.9630       13.2860 
   8   O22       19.3610       44.3620        7.2110 
   6   C23       18.5910       46.7080       11.3090 
   6   C24       18.8350       47.3530       15.3550 
   6   C25       18.9470       46.4680       16.4220 
   6   C26       18.2600       45.2810       16.4090 
   6   C27       17.4810       44.9600       15.3240 

